[[5.3399940e-08 9.9999666e-01 3.3737169e-06]
 [4.4124975e-04 8.1807148e-01 1.8148720e-01]
 [2.6969530e-05 7.5727570e-01 2.4269733e-01]
 [2.6488712e-07 9.6212065e-01 3.7879083e-02]
 [7.9476690e-01 1.9577156e-01 9.4616162e-03]
 [1.0000000e+00 2.5627033e-08 1.3894044e-10]
 [9.9868649e-01 1.3131660e-03 3.4088390e-07]
 [9.9997389e-01 2.5937530e-05 7.7724771e-08]
 [8.9066298e-13 9.9996245e-01 3.7552232e-05]
 [4.8556899e-06 9.9809998e-01 1.8951638e-03]
 [4.9010469e-03 9.6246862e-01 3.2630369e-02]
 [9.6091807e-01 3.6802076e-02 2.2799112e-03]]